2019_01January_30 12121 789 12001 3020
2019_01January_31 12690 1032 12717 3448
2019_02February_01 11304 1126 11330 2421
2019_02February_02 15074 996 15115 3936
2019_02February_03 15519 720 15529 3855
2019_02February_04 12323 1329 12372 3076
2019_02February_05 10705 890 10683 2646
2019_02February_06 11774 984 11759 2999
2019_02February_07 10390 538 10455 2528
2019_02February_08 12989 2677 13004 2938
2019_02February_09 16299 3205 16343 3731
2019_02February_10 17031 1103 17113 5256
2019_02February_11 12081 864 12148 3847
2019_02February_12 13892 820 13892 3860
2019_02February_13 14814 1019 14834 3445
2019_02February_14 11400 511 11396 2462
2019_02February_15 11872 561 11888 2519
2019_02February_16 21143 2690 20137 3227
2019_02February_17 23656 1836 23741 4588
2019_02February_18 23490 1918 23602 4280
2019_02February_19 20125 1484 20168 4845
2019_02February_20 15840 1087 15949 3013
2019_02February_21 15372 1517 15395 4047
2019_02February_22 14669 1421 14659 4273
2019_02February_23 19808 2090 19424 4547
2019_02February_24 15726 1169 15856 3658
2019_02February_25 11907 1111 11926 3085
2019_02February_26 10855 945 10860 2525
2019_02February_27 11442 963 11463 2753
2019_02February_28 10718 747 10718 2483
2019_03March_01 11045 792 11022 2594
2019_03March_02 7444 1329 7348 1179
2019_03March_03 12007 1685 11883 1833
2019_03March_04 9340 1116 9417 1753
2019_03March_05 8251 951 8288 1592
2019_03March_06 7934 911 7929 1615
2019_03March_07 7855 1248 7876 1339
2019_03March_08 8665 1124 8666 1551
2019_03March_09 10223 1159 10267 2059
2019_03March_10 11060 1059 11077 2302
2019_03March_11 8470 837 8468 1555
2019_03March_12 9001 874 8999 1815
2019_03March_13 7977 840 7989 1738
2019_03March_14 8688 892 8700 1921
2019_03March_15 8810 769 8828 1922
2019_03March_16 10759 914 10750 2214
2019_03March_17 11655 732 11710 3231
2019_03March_18 9106 586 9140 2696
2019_03March_19 8479 525 8487 2554
2019_03March_20 7876 416 7894 2293
2019_03March_21 8184 604 8179 2345
2019_03March_22 9902 802 9887 3050
2019_03March_23 11554 760 11616 3225
2019_03March_24 10261 729 10392 2890
2019_03March_25 8048 539 8097 2228
2019_03March_26 8004 605 8024 2461
2019_03March_27 7996 590 8044 2535
2019_03March_28 7807 540 7927 2227
2019_03March_29 8713 589 8837 2582
2019_03March_30 13574 1027 13451 3893
2019_03March_31 11651 683 11717 3390
2019_04April_01 9242 597 9432 2827
2019_04April_02 8989 670 9133 2807
2019_04April_03 9041 679 9151 2940
2019_04April_04 10087 676 10170 3261
2019_04April_05 10026 751 10118 3234
2019_04April_06 10839 694 10997 2836
2019_04April_07 13117 695 13146 4188
2019_04April_08 9569 576 9708 2998
2019_04April_09 10687 675 10800 3662
2019_04April_10 9997 669 10065 3236
2019_04April_11 10406 652 10494 3665
2019_04April_12 10498 676 10576 3853
2019_04April_13 12416 735 12448 4649
2019_04April_14 12444 904 12487 4244
2019_04April_15 10223 756 10267 3591
2019_04April_16 9828 771 9877 3384
2019_04April_17 10954 859 11010 3737
2019_04April_18 10659 907 10855 3944
2019_04April_19 11906 970 12269 4444
2019_04April_20 12352 875 12410 4032
2019_04April_21 13585 797 13690 4829
2019_04April_22 10564 657 10621 3764
2019_04April_23 10393 731 10475 3627
2019_04April_24 10323 690 10352 4080
2019_04April_25 10305 811 10371 4001
2019_04April_26 9817 616 9846 3659
2019_04April_27 11546 1044 11509 4570
2019_04April_28 13395 877 13470 5357
2019_04April_29 10471 745 10559 4055
2019_04April_30 8505 670 8630 3166
2019_05May_01 9213 632 9144 3609
2019_05May_02 9033 592 9036 3540
2019_05May_03 9935 843 9937 3838
2019_05May_04 11688 861 11800 4298
2019_05May_05 13549 792 13525 5348
2019_05May_06 10020 688 10055 3706
2019_05May_07 8362 708 8334 2933
2019_05May_08 10118 768 10126 3908
2019_05May_09 9659 758 9680 3335
2019_05May_10 9720 697 9743 3723
2019_05May_11 13329 1021 13287 4139
2019_05May_12 15085 1173 15124 5877
2019_05May_13 11351 957 11378 3997
2019_05May_14 11602 951 11609 4043
2019_05May_15 7466 607 7485 2407
