Server PID = 2441
1 127 33.3 .26
2 125 26.7 .21
3 122 26.7 .21
4 122 33.3 .27
5 121 33.3 .27
6 122 26.7 .21
7 122 33.3 .27
8 124 40.0 .32
9 123 40.0 .32
10 123 26.7 .21
11 123 26.7 .21
12 123 26.7 .21
13 123 26.7 .21
14 122 33.3 .27
15 126 26.7 .21
16 127 20.0 .15
17 126 46.7 .37
18 127 13.3 .10
19 129 33.3 .25
20 132 33.3 .25
21 128 33.3 .26
22 129 33.3 .25
23 127 33.3 .26
24 127 40.0 .31
25 126 40.0 .31
26 127 40.0 .31
27 127 40.0 .31
28 125 33.3 .26
29 128 26.7 .20
30 127 26.7 .21
31 126 33.3 .26
32 128 33.3 .26
33 129 33.3 .25
34 129 26.7 .20
35 128 26.7 .20
36 127 33.3 .26
37 127 33.3 .26
38 129 33.3 .25
39 129 33.3 .25
40 129 40.0 .31
41 129 26.7 .20
42 129 26.7 .20
43 129 26.7 .20
44 129 20.0 .15
45 130 40.0 .30
46 128 26.7 .20
47 128 26.7 .20
48 129 26.7 .20
49 129 40.0 .31
50 127 33.3 .26
51 126 33.3 .26
52 125 33.3 .26
53 125 26.7 .21
54 125 26.7 .21
55 127 20.0 .15
56 127 20.0 .15
57 127 33.3 .26
58 128 26.7 .20
59 129 33.3 .25
60 127 20.0 .15
61 128 33.3 .26
62 126 40.0 .31
63 127 40.0 .31
64 127 33.3 .26
65 128 33.3 .26
66 129 26.7 .20
67 129 31.2 .24
68 128 40.0 .31
69 128 33.3 .26
70 129 26.7 .20
71 131 46.7 .35
72 130 26.7 .20
73 133 33.3 .25
74 133 40.0 .30
75 135 20.0 .14
76 132 26.7 .20
77 134 26.7 .19
78 135 40.0 .29
79 136 26.7 .19
80 136 40.0 .29
81 136 26.7 .19
82 136 31.2 .22
83 135 26.7 .19
84 136 26.7 .19
85 136 26.7 .19
86 136 33.3 .24
87 136 26.7 .19
88 137 33.3 .24
89 135 33.3 .24
90 134 26.7 .19
91 135 31.2 .23
92 137 26.7 .19
93 135 33.3 .24
94 135 40.0 .29
95 135 20.0 .14
96 135 33.3 .24
97 136 40.0 .29
98 137 40.0 .29
99 138 26.7 .19
100 138 33.3 .24
101 137 26.7 .19
102 137 40.0 .29
103 136 26.7 .19
104 138 33.3 .24
105 140 40.0 .28
106 139 40.0 .28
107 138 33.3 .24
108 138 40.0 .28
109 139 33.3 .23
110 137 26.7 .19
111 136 33.3 .24
112 137 26.7 .19
113 137 33.3 .24
114 137 33.3 .24
115 137 33.3 .24
116 138 40.0 .28
117 138 40.0 .28
118 137 40.0 .29
119 138 33.3 .24
120 138 40.0 .28
121 137 40.0 .29
122 137 40.0 .29
123 139 26.7 .19
124 138 40.0 .28
125 138 87.5 .63
126 139 33.3 .23
127 140 33.3 .23
128 140 33.3 .23
129 136 33.3 .24
130 135 26.7 .19
131 133 40.0 .30
132 133 31.2 .23
133 133 53.3 .40
134 133 26.7 .20
135 132 26.7 .20
136 131 40.0 .30
137 130 40.0 .30
138 131 20.0 .15
139 132 33.3 .25
140 132 40.0 .30
141 132 33.3 .25
142 133 20.0 .15
143 133 33.3 .25
144 133 33.3 .25
145 134 20.0 .14
146 133 33.3 .25
147 134 26.7 .19
148 133 40.0 .30
149 136 26.7 .19
150 136 26.7 .19
151 135 26.7 .19
152 135 33.3 .24
153 134 46.7 .34
154 134 37.5 .27
155 134 26.7 .19
156 135 33.3 .24
157 137 46.7 .34
158 136 40.0 .29
159 134 40.0 .29
160 136 46.7 .34
161 135 33.3 .24
162 136 33.3 .24
163 136 26.7 .19
164 137 26.7 .19
165 136 20.0 .14
166 135 46.7 .34
167 134 20.0 .14
168 135 46.7 .34
169 136 40.0 .29
170 136 31.2 .22
171 135 26.7 .19
172 134 40.0 .29
173 134 40.0 .29
174 137 33.3 .24
175 135 26.7 .19
176 135 40.0 .29
177 134 46.7 .34
178 133 33.3 .25
179 134 40.0 .29
180 132 20.0 .15
181 130 26.7 .20
182 131 40.0 .30
183 132 33.3 .25
184 133 33.3 .25
185 132 33.3 .25
186 132 33.3 .25
187 132 33.3 .25
188 133 33.3 .25
189 133 37.5 .28
190 134 20.0 .14
191 133 40.0 .30
192 134 33.3 .24
193 132 26.7 .20
194 133 26.7 .20
195 134 26.7 .19
196 135 26.7 .19
197 133 20.0 .15
198 133 33.3 .25
199 133 26.7 .20
200 133 26.7 .20
201 133 26.7 .20
202 132 33.3 .25
203 131 26.7 .20
204 134 26.7 .19
205 136 33.3 .24
206 135 33.3 .24
207 135 40.0 .29
208 135 33.3 .24
209 135 33.3 .24
210 135 25.0 .18
211 135 33.3 .24
212 135 40.0 .29
213 136 33.3 .24
214 137 33.3 .24
215 136 20.0 .14
216 134 40.0 .29
217 134 26.7 .19
218 134 37.5 .27
219 136 26.7 .19
220 136 33.3 .24
221 135 33.3 .24
222 133 26.7 .20
223 132 26.7 .20
224 133 26.7 .20
225 132 25.0 .18
226 132 40.0 .30
227 134 33.3 .24
228 135 40.0 .29
229 134 33.3 .24
230 134 46.7 .34
231 133 40.0 .30
232 132 33.3 .25
233 132 33.3 .25
234 134 26.7 .19
235 134 33.3 .24
236 134 40.0 .29
237 132 33.3 .25
238 132 33.3 .25
239 131 26.7 .20
240 131 26.7 .20
241 131 46.7 .35
242 130 26.7 .20
243 130 25.0 .19
244 129 40.0 .31
245 131 33.3 .25
246 131 40.0 .30
247 133 40.0 .30
248 133 33.3 .25
249 133 33.3 .25
250 132 40.0 .30
251 131 40.0 .30
252 132 40.0 .30
253 131 26.7 .20
254 131 40.0 .30
255 130 40.0 .30
256 130 26.7 .20
257 131 40.0 .30
258 131 46.7 .35
259 132 40.0 .30
260 130 26.7 .20
261 129 26.7 .20
262 131 40.0 .30
263 130 20.0 .15
264 130 33.3 .25
265 131 33.3 .25
266 131 33.3 .25
267 134 40.0 .29
268 135 33.3 .24
269 135 31.2 .23
270 135 33.3 .24
271 135 40.0 .29
272 134 33.3 .24
273 132 26.7 .20
274 133 33.3 .25
275 132 20.0 .15
276 134 33.3 .24
277 134 26.7 .19
278 134 20.0 .14
279 132 26.7 .20
280 134 26.7 .19
281 133 33.3 .25
282 133 26.7 .20
283 132 33.3 .25
284 132 20.0 .15
285 131 33.3 .25
286 131 20.0 .15
287 130 20.0 .15
288 131 40.0 .30
289 131 26.7 .20
290 130 33.3 .25
291 131 33.3 .25
292 130 33.3 .25
293 129 26.7 .20
294 131 26.7 .20
295 130 26.7 .20
296 129 20.0 .15
297 131 26.7 .20
298 130 33.3 .25
299 130 26.7 .20
300 129 26.7 .20
301 129 26.7 .20
302 131 33.3 .25
303 131 33.3 .25
304 131 40.0 .30
305 131 40.0 .30
306 132 33.3 .25
307 131 33.3 .25
308 130 53.3 .41
309 132 33.3 .25
310 132 40.0 .30
311 132 33.3 .25
312 132 33.3 .25
313 131 33.3 .25
314 131 40.0 .30
315 132 33.3 .25
316 131 33.3 .25
317 131 46.7 .35
318 130 40.0 .30
319 130 33.3 .25
320 131 31.2 .23
321 133 40.0 .30
322 135 26.7 .19
323 134 40.0 .29
324 133 46.7 .35
325 133 46.7 .35
326 134 33.3 .24
327 135 33.3 .24
328 134 40.0 .29
329 137 46.7 .34
330 138 40.0 .28
331 136 26.7 .19
332 136 26.7 .19
333 136 46.7 .34
334 137 53.3 .38
335 137 40.0 .29
336 135 33.3 .24
337 136 26.7 .19
338 134 26.7 .19
339 135 33.3 .24
340 135 40.0 .29
341 135 26.7 .19
342 135 33.3 .24
343 136 33.3 .24
344 136 33.3 .24
345 135 40.0 .29
346 136 40.0 .29
347 136 40.0 .29
348 136 25.0 .18
349 136 33.3 .24
350 133 33.3 .25
351 133 33.3 .25
352 134 40.0 .29
353 135 40.0 .29
354 133 40.0 .30
355 133 25.0 .18
356 133 20.0 .15
357 131 33.3 .25
358 130 33.3 .25
359 130 33.3 .25
