Server PID = 2215
1 132 13.3 .10
2 132 20.0 .15
3 131 20.0 .15
4 131 13.3 .10
5 131 20.0 .15
6 130 13.3 .10
7 133 6.7 .05
8 129 13.3 .10
9 129 13.3 .10
10 127 20.0 .15
11 126 20.0 .15
12 130 13.3 .10
13 131 13.3 .10
14 131 18.8 .14
15 128 20.0 .15
16 128 20.0 .15
17 129 26.7 .20
18 130 6.7 .05
19 132 13.3 .10
20 133 20.0 .15
21 134 20.0 .14
22 135 20.0 .14
23 133 18.8 .14
24 132 6.2 .04
25 133 6.7 .05
26 136 13.3 .09
27 136 20.0 .14
28 133 26.7 .20
29 134 20.0 .14
30 132 13.3 .10
31 134 13.3 .09
32 132 13.3 .10
33 130 6.7 .05
34 131 6.7 .05
35 130 26.7 .20
36 131 20.0 .15
37 130 13.3 .10
38 129 13.3 .10
39 131 20.0 .15
40 131 26.7 .20
41 132 26.7 .20
42 131 20.0 .15
43 131 26.7 .20
44 129 20.0 .15
45 134 20.0 .14
46 133 25.0 .18
47 133 20.0 .15
48 135 26.7 .19
49 133 13.3 .10
50 132 25.0 .18
51 134 20.0 .14
52 136 20.0 .14
53 138 20.0 .14
54 137 20.0 .14
55 136 26.7 .19
56 137 13.3 .09
57 137 26.7 .19
58 137 33.3 .24
59 137 13.3 .09
60 136 20.0 .14
61 139 13.3 .09
62 138 13.3 .09
63 140 20.0 .14
64 140 13.3 .09
65 138 20.0 .14
66 138 20.0 .14
67 136 20.0 .14
68 136 13.3 .09
69 137 26.7 .19
70 137 20.0 .14
71 137 13.3 .09
72 136 26.7 .19
73 136 13.3 .09
74 136 20.0 .14
75 135 26.7 .19
76 135 20.0 .14
77 136 26.7 .19
78 134 20.0 .14
79 135 26.7 .19
80 135 18.8 .13
81 136 26.7 .19
82 136 20.0 .14
83 136 13.3 .09
84 137 13.3 .09
85 138 6.7 .04
86 139 13.3 .09
87 140 20.0 .14
88 139 13.3 .09
89 140 26.7 .19
90 139 20.0 .14
91 140 20.0 .14
92 141 26.7 .18
93 143 13.3 .09
94 142 13.3 .09
95 143 26.7 .18
96 143 20.0 .13
97 143 20.0 .13
98 143 40.0 .27
99 144 20.0 .13
100 145 20.0 .13
101 142 20.0 .14
102 143 26.7 .18
103 143 20.0 .13
104 143 26.7 .18
105 144 20.0 .13
106 142 20.0 .14
107 141 13.3 .09
108 141 12.5 .08
109 141 20.0 .14
110 140 6.7 .04
111 140 13.3 .09
112 141 20.0 .14
113 142 20.0 .14
114 141 13.3 .09
115 140 13.3 .09
116 140 20.0 .14
117 139 13.3 .09
118 138 20.0 .14
119 138 6.7 .04
120 138 13.3 .09
121 138 26.7 .19
122 138 20.0 .14
123 139 13.3 .09
124 140 13.3 .09
125 139 18.8 .13
126 138 13.3 .09
127 138 13.3 .09
128 139 25.0 .17
129 138 20.0 .14
130 136 13.3 .09
131 137 13.3 .09
132 136 18.8 .13
133 134 20.0 .14
134 137 6.7 .04
135 137 6.7 .04
136 137 18.8 .13
137 135 13.3 .09
138 135 33.3 .24
139 136 20.0 .14
140 135 13.3 .09
141 135 13.3 .09
142 135 18.8 .13
143 137 13.3 .09
144 134 26.7 .19
145 134 18.8 .14
146 133 13.3 .10
147 133 20.0 .15
148 134 13.3 .09
149 135 26.7 .19
150 134 20.0 .14
151 134 20.0 .14
152 134 20.0 .14
153 133 13.3 .10
154 133 13.3 .10
155 134 13.3 .09
156 135 6.7 .04
157 137 6.7 .04
158 136 13.3 .09
159 136 20.0 .14
160 138 13.3 .09
161 139 26.7 .19
162 137 26.7 .19
163 135 13.3 .09
164 136 13.3 .09
165 137 13.3 .09
166 137 20.0 .14
167 136 20.0 .14
168 135 18.8 .13
169 137 13.3 .09
170 138 13.3 .09
171 140 13.3 .09
172 139 13.3 .09
173 138 13.3 .09
174 138 20.0 .14
175 138 26.7 .19
176 138 20.0 .14
177 137 13.3 .09
178 138 20.0 .14
179 140 20.0 .14
180 140 33.3 .23
181 140 13.3 .09
182 140 13.3 .09
183 141 20.0 .14
184 140 26.7 .19
185 139 26.7 .19
186 139 13.3 .09
187 141 20.0 .14
188 141 13.3 .09
189 141 20.0 .14
190 141 20.0 .14
191 143 13.3 .09
192 143 13.3 .09
193 142 13.3 .09
194 141 13.3 .09
195 142 20.0 .14
196 144 26.7 .18
197 144 6.7 .04
198 146 25.0 .17
199 143 20.0 .13
200 144 20.0 .13
201 144 20.0 .13
202 145 13.3 .09
203 145 13.3 .09
204 145 20.0 .13
205 145 13.3 .09
206 145 13.3 .09
207 145 25.0 .17
208 145 13.3 .09
209 144 6.7 .04
210 144 13.3 .09
211 144 13.3 .09
212 143 13.3 .09
213 141 25.0 .17
214 143 12.5 .08
215 143 20.0 .13
216 142 13.3 .09
217 142 20.0 .14
218 140 25.0 .17
219 142 31.2 .21
220 141 13.3 .09
221 141 20.0 .14
222 142 6.7 .04
223 141 20.0 .14
224 138 13.3 .09
225 139 20.0 .14
226 141 13.3 .09
227 142 18.8 .13
228 144 20.0 .13
229 143 20.0 .13
230 142 20.0 .14
231 145 6.7 .04
232 143 20.0 .13
233 144 13.3 .09
234 142 13.3 .09
235 143 13.3 .09
236 145 20.0 .13
237 146 18.8 .12
238 145 13.3 .09
239 146 20.0 .13
240 147 20.0 .13
241 146 13.3 .09
242 146 26.7 .18
243 146 6.7 .04
244 144 20.0 .13
245 145 13.3 .09
246 146 13.3 .09
247 144 20.0 .13
248 142 20.0 .14
249 145 13.3 .09
250 143 20.0 .13
251 142 13.3 .09
252 142 20.0 .14
253 143 20.0 .13
254 143 26.7 .18
255 144 13.3 .09
256 144 25.0 .17
257 143 13.3 .09
258 143 20.0 .13
259 143 20.0 .13
260 145 20.0 .13
261 144 20.0 .13
262 145 13.3 .09
263 147 20.0 .13
264 147 13.3 .09
265 146 33.3 .22
266 145 13.3 .09
267 145 20.0 .13
268 146 20.0 .13
269 146 26.7 .18
270 145 25.0 .17
271 145 20.0 .13
272 145 33.3 .22
273 144 20.0 .13
274 144 20.0 .13
275 145 20.0 .13
276 146 40.0 .27
277 149 20.0 .13
278 148 20.0 .13
279 148 26.7 .18
280 147 20.0 .13
281 147 26.7 .18
282 146 20.0 .13
283 146 20.0 .13
284 143 13.3 .09
285 144 13.3 .09
286 142 20.0 .14
287 142 13.3 .09
288 144 26.7 .18
289 141 20.0 .14
290 141 6.7 .04
291 142 13.3 .09
292 143 20.0 .13
293 144 18.8 .13
294 143 20.0 .13
295 144 13.3 .09
296 146 33.3 .22
297 145 20.0 .13
298 146 13.3 .09
299 146 20.0 .13
300 146 13.3 .09
301 147 20.0 .13
302 147 20.0 .13
303 147 13.3 .09
304 146 13.3 .09
305 147 20.0 .13
306 147 13.3 .09
307 146 20.0 .13
308 146 13.3 .09
309 147 20.0 .13
310 146 6.7 .04
311 147 20.0 .13
312 147 20.0 .13
313 147 20.0 .13
314 148 13.3 .08
315 151 26.7 .17
316 151 20.0 .13
317 150 13.3 .08
318 149 13.3 .08
319 148 13.3 .08
320 147 26.7 .18
321 149 6.7 .04
322 147 26.7 .18
323 148 13.3 .08
324 149 13.3 .08
325 147 13.3 .09
326 145 20.0 .13
327 145 20.0 .13
328 145 20.0 .13
329 145 20.0 .13
330 147 20.0 .13
331 146 20.0 .13
332 145 13.3 .09
333 145 20.0 .13
334 144 20.0 .13
335 142 20.0 .14
336 144 20.0 .13
337 145 13.3 .09
338 145 20.0 .13
339 146 20.0 .13
340 147 12.5 .08
341 145 20.0 .13
342 147 13.3 .09
343 147 13.3 .09
344 148 20.0 .13
345 147 13.3 .09
346 146 13.3 .09
347 147 20.0 .13
348 147 20.0 .13
349 147 20.0 .13
350 149 20.0 .13
351 150 26.7 .17
352 148 26.7 .18
353 150 13.3 .08
354 149 20.0 .13
355 147 20.0 .13
356 147 13.3 .09
357 146 26.7 .18
358 148 20.0 .13
359 147 20.0 .13
