1 127 33.299999 0.260000 8.325000 0.065000
2 125 26.700001 0.210000 15.000000 0.117500
3 122 26.700001 0.210000 21.674999 0.170000
4 122 33.299999 0.270000 30.000000 0.237500
5 121 33.299999 0.270000 30.000000 0.240000
6 122 26.700001 0.210000 30.000000 0.240000
7 122 33.299999 0.270000 31.650002 0.255000
8 124 40.000000 0.320000 33.325001 0.267500
9 123 40.000000 0.320000 35.000000 0.280000
10 123 26.700001 0.210000 35.000000 0.280000
11 123 26.700001 0.210000 33.349998 0.265000
12 123 26.700001 0.210000 30.024998 0.237500
13 123 26.700001 0.210000 26.699997 0.210000
14 122 33.299999 0.270000 28.349998 0.225000
15 126 26.700001 0.210000 28.349998 0.225000
16 127 20.000000 0.150000 26.674999 0.210000
17 126 46.700001 0.370000 31.674999 0.250000
18 127 13.300000 0.100000 26.674999 0.207500
19 129 33.299999 0.250000 28.325001 0.217500
20 132 33.299999 0.250000 31.650002 0.242500
21 128 33.299999 0.260000 28.300003 0.215000
22 129 33.299999 0.250000 33.300003 0.252500
23 127 33.299999 0.260000 33.300003 0.255000
24 127 40.000000 0.310000 34.975002 0.270000
25 126 40.000000 0.310000 36.650002 0.282500
26 127 40.000000 0.310000 38.325001 0.297500
27 127 40.000000 0.310000 40.000000 0.310000
28 125 33.299999 0.260000 38.325001 0.297500
29 128 26.700001 0.200000 35.000000 0.270000
30 127 26.700001 0.210000 31.674999 0.245000
31 126 33.299999 0.260000 30.000000 0.232500
32 128 33.299999 0.260000 30.000000 0.232500
33 129 33.299999 0.250000 31.650002 0.245000
34 129 26.700001 0.200000 31.650002 0.242500
35 128 26.700001 0.200000 30.000000 0.227500
36 127 33.299999 0.260000 30.000000 0.227500
37 127 33.299999 0.260000 30.000000 0.230000
38 129 33.299999 0.250000 31.650002 0.242500
39 129 33.299999 0.250000 33.300003 0.255000
40 129 40.000000 0.310000 34.975002 0.267500
41 129 26.700001 0.200000 33.325001 0.252500
42 129 26.700001 0.200000 31.674999 0.240000
43 129 26.700001 0.200000 30.024998 0.227500
44 129 20.000000 0.150000 25.024998 0.187500
45 130 40.000000 0.300000 28.349998 0.212500
46 128 26.700001 0.200000 28.349998 0.212500
47 128 26.700001 0.200000 28.349998 0.212500
48 129 26.700001 0.200000 30.024998 0.225000
49 129 40.000000 0.310000 30.024998 0.227500
50 127 33.299999 0.260000 31.674999 0.242500
51 126 33.299999 0.260000 33.325001 0.257500
52 125 33.299999 0.260000 34.975002 0.272500
53 125 26.700001 0.210000 31.650002 0.247500
54 125 26.700001 0.210000 30.000000 0.235000
55 127 20.000000 0.150000 26.674999 0.207500
56 127 20.000000 0.150000 23.349998 0.180000
57 127 33.299999 0.260000 25.000000 0.192500
58 128 26.700001 0.200000 25.000000 0.190000
59 129 33.299999 0.250000 28.325001 0.215000
60 127 20.000000 0.150000 28.325001 0.215000
61 128 33.299999 0.260000 28.325001 0.215000
62 126 40.000000 0.310000 31.650002 0.242500
63 127 40.000000 0.310000 33.325001 0.257500
64 127 33.299999 0.260000 36.650002 0.285000
65 128 33.299999 0.260000 36.650002 0.285000
66 129 26.700001 0.200000 33.325001 0.257500
67 129 31.200001 0.240000 31.125000 0.240000
68 128 40.000000 0.310000 32.799999 0.252500
69 128 33.299999 0.260000 32.799999 0.252500
70 129 26.700001 0.200000 32.799999 0.252500
71 131 46.700001 0.350000 36.674999 0.280000
72 130 26.700001 0.200000 33.349998 0.252500
73 133 33.299999 0.250000 33.349998 0.250000
74 133 40.000000 0.300000 36.674999 0.275000
75 135 20.000000 0.140000 30.000000 0.222500
76 132 26.700001 0.200000 30.000000 0.222500
77 134 26.700001 0.190000 28.349998 0.207500
78 135 40.000000 0.290000 28.349998 0.205000
79 136 26.700001 0.190000 30.024998 0.217500
80 136 40.000000 0.290000 33.349998 0.240000
81 136 26.700001 0.190000 33.349998 0.240000
82 136 31.200001 0.220000 31.149998 0.222500
83 135 26.700001 0.190000 31.149998 0.222500
84 136 26.700001 0.190000 27.824997 0.197500
85 136 26.700001 0.190000 27.824997 0.197500
86 136 33.299999 0.240000 28.349998 0.202500
87 136 26.700001 0.190000 28.349998 0.202500
88 137 33.299999 0.240000 30.000000 0.215000
89 135 33.299999 0.240000 31.650002 0.227500
90 134 26.700001 0.190000 30.000000 0.215000
91 135 31.200001 0.230000 31.125000 0.225000
92 137 26.700001 0.190000 29.474998 0.212500
93 135 33.299999 0.240000 29.474998 0.212500
94 135 40.000000 0.290000 32.799999 0.237500
95 135 20.000000 0.140000 30.000000 0.215000
96 135 33.299999 0.240000 31.650002 0.227500
97 136 40.000000 0.290000 33.325001 0.240000
98 137 40.000000 0.290000 33.325001 0.240000
99 138 26.700001 0.190000 35.000000 0.252500
100 138 33.299999 0.240000 35.000000 0.252500
101 137 26.700001 0.190000 31.674999 0.227500
102 137 40.000000 0.290000 31.674999 0.227500
103 136 26.700001 0.190000 31.674999 0.227500
104 138 33.299999 0.240000 31.674999 0.227500
105 140 40.000000 0.280000 35.000000 0.250000
106 139 40.000000 0.280000 35.000000 0.247500
107 138 33.299999 0.240000 36.650002 0.260000
108 138 40.000000 0.280000 38.325001 0.270000
109 139 33.299999 0.230000 36.650002 0.257500
110 137 26.700001 0.190000 33.325001 0.235000
111 136 33.299999 0.240000 33.325001 0.235000
112 137 26.700001 0.190000 30.000000 0.212500
113 137 33.299999 0.240000 30.000000 0.215000
114 137 33.299999 0.240000 31.650002 0.227500
115 137 33.299999 0.240000 31.650002 0.227500
116 138 40.000000 0.280000 34.975002 0.250000
117 138 40.000000 0.280000 36.650002 0.260000
118 137 40.000000 0.290000 38.325001 0.272500
119 138 33.299999 0.240000 38.325001 0.272500
120 138 40.000000 0.280000 38.325001 0.272500
121 137 40.000000 0.290000 38.325001 0.275000
122 137 40.000000 0.290000 38.325001 0.275000
123 139 26.700001 0.190000 36.674999 0.262500
124 138 40.000000 0.280000 36.674999 0.262500
125 138 87.500000 0.630000 48.549999 0.347500
126 139 33.299999 0.230000 46.875000 0.332500
127 140 33.299999 0.230000 48.525002 0.342500
128 140 33.299999 0.230000 46.850002 0.330000
129 136 33.299999 0.240000 33.300003 0.232500
130 135 26.700001 0.190000 31.650002 0.222500
131 133 40.000000 0.300000 33.325001 0.240000
132 133 31.200001 0.230000 32.799999 0.240000
133 133 53.299999 0.400000 37.799999 0.280000
134 133 26.700001 0.200000 37.799999 0.282500
135 132 26.700001 0.200000 34.474998 0.257500
136 131 40.000000 0.300000 36.674999 0.275000
137 130 40.000000 0.300000 33.349998 0.250000
138 131 20.000000 0.150000 31.674999 0.237500
139 132 33.299999 0.250000 33.325001 0.250000
140 132 40.000000 0.300000 33.325001 0.250000
141 132 33.299999 0.250000 31.650002 0.237500
142 133 20.000000 0.150000 31.650002 0.237500
143 133 33.299999 0.250000 31.650002 0.237500
144 133 33.299999 0.250000 29.975002 0.225000
145 134 20.000000 0.140000 26.650002 0.197500
146 133 33.299999 0.250000 29.975002 0.222500
147 134 26.700001 0.190000 28.325001 0.207500
148 133 40.000000 0.300000 30.000000 0.220000
149 136 26.700001 0.190000 31.674999 0.232500
150 136 26.700001 0.190000 30.024998 0.217500
151 135 26.700001 0.190000 30.024998 0.217500
152 135 33.299999 0.240000 28.349998 0.202500
153 134 46.700001 0.340000 33.349998 0.240000
154 134 37.500000 0.270000 36.049999 0.260000
155 134 26.700001 0.190000 36.049999 0.260000
156 135 33.299999 0.240000 36.049999 0.260000
157 137 46.700001 0.340000 36.049999 0.260000
158 136 40.000000 0.290000 36.674999 0.265000
159 134 40.000000 0.290000 40.000000 0.290000
160 136 46.700001 0.340000 43.349998 0.315000
161 135 33.299999 0.240000 40.000000 0.290000
162 136 33.299999 0.240000 38.325001 0.277500
163 136 26.700001 0.190000 35.000000 0.252500
164 137 26.700001 0.190000 30.000000 0.215000
165 136 20.000000 0.140000 26.674999 0.190000
166 135 46.700001 0.340000 30.024998 0.215000
167 134 20.000000 0.140000 28.349998 0.202500
168 135 46.700001 0.340000 33.349998 0.240000
169 136 40.000000 0.290000 38.349998 0.277500
170 136 31.200001 0.220000 34.474998 0.247500
171 135 26.700001 0.190000 36.149998 0.260000
172 134 40.000000 0.290000 34.474998 0.247500
173 134 40.000000 0.290000 34.474998 0.247500
174 137 33.299999 0.240000 35.000000 0.252500
175 135 26.700001 0.190000 35.000000 0.252500
176 135 40.000000 0.290000 35.000000 0.252500
177 134 46.700001 0.340000 36.674999 0.265000
178 133 33.299999 0.250000 36.674999 0.267500
179 134 40.000000 0.290000 40.000000 0.292500
180 132 20.000000 0.150000 35.000000 0.257500
181 130 26.700001 0.200000 30.000000 0.222500
182 131 40.000000 0.300000 31.674999 0.235000
183 132 33.299999 0.250000 30.000000 0.225000
184 133 33.299999 0.250000 33.325001 0.250000
185 132 33.299999 0.250000 34.975002 0.262500
186 132 33.299999 0.250000 33.300003 0.250000
187 132 33.299999 0.250000 33.300003 0.250000
188 133 33.299999 0.250000 33.300003 0.250000
189 133 37.500000 0.280000 34.350002 0.257500
190 134 20.000000 0.140000 31.025002 0.230000
191 133 40.000000 0.300000 32.700001 0.242500
192 134 33.299999 0.240000 32.700001 0.240000
193 132 26.700001 0.200000 30.000000 0.220000
194 133 26.700001 0.200000 31.674999 0.235000
195 134 26.700001 0.190000 28.349998 0.207500
196 135 26.700001 0.190000 26.699997 0.195000
197 133 20.000000 0.150000 25.024998 0.182500
198 133 33.299999 0.250000 26.674999 0.195000
199 133 26.700001 0.200000 26.674999 0.197500
200 133 26.700001 0.200000 26.674999 0.200000
201 133 26.700001 0.200000 28.349998 0.212500
202 132 33.299999 0.250000 28.349998 0.212500
203 131 26.700001 0.200000 28.349998 0.212500
204 134 26.700001 0.190000 28.349998 0.210000
205 136 33.299999 0.240000 30.000000 0.220000
206 135 33.299999 0.240000 30.000000 0.217500
207 135 40.000000 0.290000 33.325001 0.240000
208 135 33.299999 0.240000 34.975002 0.252500
209 135 33.299999 0.240000 34.975002 0.252500
210 135 25.000000 0.180000 32.900002 0.237500
211 135 33.299999 0.240000 31.225002 0.225000
212 135 40.000000 0.290000 32.900002 0.237500
213 136 33.299999 0.240000 32.900002 0.237500
214 137 33.299999 0.240000 34.975002 0.252500
215 136 20.000000 0.140000 31.650002 0.227500
216 134 40.000000 0.290000 31.650002 0.227500
217 134 26.700001 0.190000 30.000000 0.215000
218 134 37.500000 0.270000 31.049999 0.222500
219 136 26.700001 0.190000 32.724998 0.235000
220 136 33.299999 0.240000 31.049999 0.222500
221 135 33.299999 0.240000 32.700001 0.235000
222 133 26.700001 0.200000 30.000000 0.217500
223 132 26.700001 0.200000 30.000000 0.220000
224 133 26.700001 0.200000 28.349998 0.210000
225 132 25.000000 0.180000 26.274998 0.195000
226 132 40.000000 0.300000 29.599998 0.220000
227 134 33.299999 0.240000 31.250000 0.230000
228 135 40.000000 0.290000 34.575001 0.252500
229 134 33.299999 0.240000 36.650002 0.267500
230 134 46.700001 0.340000 38.325001 0.277500
231 133 40.000000 0.300000 40.000000 0.292500
232 132 33.299999 0.250000 38.325001 0.282500
233 132 33.299999 0.250000 38.325001 0.285000
234 134 26.700001 0.190000 33.325001 0.247500
235 134 33.299999 0.240000 31.650002 0.232500
236 134 40.000000 0.290000 33.325001 0.242500
237 132 33.299999 0.250000 33.325001 0.242500
238 132 33.299999 0.250000 34.975002 0.257500
239 131 26.700001 0.200000 33.325001 0.247500
240 131 26.700001 0.200000 30.000000 0.225000
241 131 46.700001 0.350000 33.349998 0.250000
242 130 26.700001 0.200000 31.699997 0.237500
243 130 25.000000 0.190000 31.274998 0.235000
244 129 40.000000 0.310000 34.599998 0.262500
245 131 33.299999 0.250000 31.250000 0.237500
246 131 40.000000 0.300000 34.575001 0.262500
247 133 40.000000 0.300000 38.325001 0.290000
248 133 33.299999 0.250000 36.650002 0.275000
249 133 33.299999 0.250000 36.650002 0.275000
250 132 40.000000 0.300000 36.650002 0.275000
251 131 40.000000 0.300000 36.650002 0.275000
252 132 40.000000 0.300000 38.325001 0.287500
253 131 26.700001 0.200000 36.674999 0.275000
254 131 40.000000 0.300000 36.674999 0.275000
255 130 40.000000 0.300000 36.674999 0.275000
256 130 26.700001 0.200000 33.349998 0.250000
257 131 40.000000 0.300000 36.674999 0.275000
258 131 46.700001 0.350000 38.349998 0.287500
259 132 40.000000 0.300000 38.349998 0.287500
260 130 26.700001 0.200000 38.349998 0.287500
261 129 26.700001 0.200000 35.024998 0.262500
262 131 40.000000 0.300000 33.349998 0.250000
263 130 20.000000 0.150000 28.349998 0.212500
264 130 33.299999 0.250000 30.000000 0.225000
265 131 33.299999 0.250000 31.650002 0.237500
266 131 33.299999 0.250000 29.975002 0.225000
267 134 40.000000 0.290000 34.975002 0.260000
268 135 33.299999 0.240000 34.975002 0.257500
269 135 31.200001 0.230000 34.450001 0.252500
270 135 33.299999 0.240000 34.450001 0.250000
271 135 40.000000 0.290000 34.450001 0.250000
272 134 33.299999 0.240000 34.450001 0.250000
273 132 26.700001 0.200000 33.325001 0.242500
274 133 33.299999 0.250000 33.325001 0.245000
275 132 20.000000 0.150000 28.325001 0.210000
276 134 33.299999 0.240000 28.325001 0.210000
277 134 26.700001 0.190000 28.325001 0.207500
278 134 20.000000 0.140000 25.000000 0.180000
279 132 26.700001 0.200000 26.674999 0.192500
280 134 26.700001 0.190000 25.024998 0.180000
281 133 33.299999 0.250000 26.674999 0.195000
282 133 26.700001 0.200000 28.349998 0.210000
283 132 33.299999 0.250000 30.000000 0.222500
284 132 20.000000 0.150000 28.325001 0.212500
285 131 33.299999 0.250000 28.325001 0.212500
286 131 20.000000 0.150000 26.650002 0.200000
287 130 20.000000 0.150000 23.325001 0.175000
288 131 40.000000 0.300000 28.325001 0.212500
289 131 26.700001 0.200000 26.674999 0.200000
290 130 33.299999 0.250000 30.000000 0.225000
291 131 33.299999 0.250000 33.325001 0.250000
292 130 33.299999 0.250000 31.650002 0.237500
293 129 26.700001 0.200000 31.650002 0.237500
294 131 26.700001 0.200000 30.000000 0.225000
295 130 26.700001 0.200000 28.349998 0.212500
296 129 20.000000 0.150000 25.024998 0.187500
297 131 26.700001 0.200000 25.024998 0.187500
298 130 33.299999 0.250000 26.674999 0.200000
299 130 26.700001 0.200000 26.674999 0.200000
300 129 26.700001 0.200000 28.349998 0.212500
301 129 26.700001 0.200000 28.349998 0.212500
302 131 33.299999 0.250000 28.349998 0.212500
303 131 33.299999 0.250000 30.000000 0.225000
304 131 40.000000 0.300000 33.325001 0.250000
305 131 40.000000 0.300000 36.650002 0.275000
306 132 33.299999 0.250000 36.650002 0.275000
307 131 33.299999 0.250000 36.650002 0.275000
308 130 53.299999 0.410000 39.975002 0.302500
309 132 33.299999 0.250000 38.300003 0.290000
310 132 40.000000 0.300000 39.975002 0.302500
311 132 33.299999 0.250000 39.975002 0.302500
312 132 33.299999 0.250000 34.975002 0.262500
313 131 33.299999 0.250000 34.975002 0.262500
314 131 40.000000 0.300000 34.975002 0.262500
315 132 33.299999 0.250000 34.975002 0.262500
316 131 33.299999 0.250000 34.975002 0.262500
317 131 46.700001 0.350000 38.325001 0.287500
318 130 40.000000 0.300000 38.325001 0.287500
319 130 33.299999 0.250000 38.325001 0.287500
320 131 31.200001 0.230000 37.799999 0.282500
321 133 40.000000 0.300000 36.125000 0.270000
322 135 26.700001 0.190000 32.799999 0.242500
323 134 40.000000 0.290000 34.474998 0.252500
324 133 46.700001 0.350000 38.349998 0.282500
325 133 46.700001 0.350000 40.024998 0.295000
326 134 33.299999 0.240000 41.674999 0.307500
327 135 33.299999 0.240000 40.000000 0.295000
328 134 40.000000 0.290000 38.325001 0.280000
329 137 46.700001 0.340000 38.325001 0.277500
330 138 40.000000 0.280000 40.000000 0.287500
331 136 26.700001 0.190000 38.349998 0.275000
332 136 26.700001 0.190000 35.024998 0.250000
333 136 46.700001 0.340000 35.024998 0.250000
334 137 53.299999 0.380000 38.349998 0.275000
335 137 40.000000 0.290000 41.674999 0.300000
336 135 33.299999 0.240000 43.325001 0.312500
337 136 26.700001 0.190000 38.325001 0.275000
338 134 26.700001 0.190000 31.674999 0.227500
339 135 33.299999 0.240000 30.000000 0.215000
340 135 40.000000 0.290000 31.674999 0.227500
341 135 26.700001 0.190000 31.674999 0.227500
342 135 33.299999 0.240000 33.325001 0.240000
343 136 33.299999 0.240000 33.325001 0.240000
344 136 33.299999 0.240000 31.650002 0.227500
345 135 40.000000 0.290000 34.975002 0.252500
346 136 40.000000 0.290000 36.650002 0.265000
347 136 40.000000 0.290000 38.325001 0.277500
348 136 25.000000 0.180000 36.250000 0.262500
349 136 33.299999 0.240000 34.575001 0.250000
350 133 33.299999 0.250000 32.900002 0.240000
351 133 33.299999 0.250000 31.225002 0.230000
352 134 40.000000 0.290000 34.975002 0.257500
353 135 40.000000 0.290000 36.650002 0.270000
354 133 40.000000 0.300000 38.325001 0.282500
355 133 25.000000 0.180000 36.250000 0.265000
356 133 20.000000 0.150000 31.250000 0.230000
357 131 33.299999 0.250000 29.575001 0.220000
358 130 33.299999 0.250000 27.900002 0.207500
359 130 33.299999 0.250000 29.975002 0.225000
