1 132 13.300000 0.100000 3.325000
2 132 20.000000 0.150000 8.325000
3 131 20.000000 0.150000 13.325000
4 131 13.300000 0.100000 16.650000
5 131 20.000000 0.150000 18.324999
6 130 13.300000 0.100000 16.650000
7 133 6.700000 0.050000 13.324999
8 129 13.300000 0.100000 13.325000
9 129 13.300000 0.100000 11.650000
10 127 20.000000 0.150000 13.325000
11 126 20.000000 0.150000 16.650002
12 130 13.300000 0.100000 16.650002
13 131 13.300000 0.100000 16.650002
14 131 18.799999 0.140000 16.350002
15 128 20.000000 0.150000 16.350002
16 128 20.000000 0.150000 18.025002
17 129 26.700001 0.200000 21.375000
18 130 6.700000 0.050000 18.349998
19 132 13.300000 0.100000 16.674999
20 133 20.000000 0.150000 16.674999
21 134 20.000000 0.140000 14.999999
22 135 20.000000 0.140000 18.325001
23 133 18.799999 0.140000 19.700001
24 132 6.200000 0.040000 16.250000
25 133 6.700000 0.050000 12.924999
26 136 13.300000 0.090000 11.250000
27 136 20.000000 0.140000 11.550000
28 133 26.700001 0.200000 16.675001
29 134 20.000000 0.140000 20.000002
30 132 13.300000 0.100000 20.000002
31 134 13.300000 0.090000 18.325003
32 132 13.300000 0.100000 14.975003
33 130 6.700000 0.050000 11.650003
34 131 6.700000 0.050000 10.000004
35 130 26.700001 0.200000 13.350003
36 131 20.000000 0.150000 15.025002
37 130 13.300000 0.100000 16.675003
38 129 13.300000 0.100000 18.325005
39 131 20.000000 0.150000 16.650005
40 131 26.700001 0.200000 18.325005
41 132 26.700001 0.200000 21.675003
42 131 20.000000 0.150000 23.350002
43 131 26.700001 0.200000 25.025002
44 129 20.000000 0.150000 23.350002
45 134 20.000000 0.140000 21.675003
46 133 25.000000 0.180000 22.925003
47 133 20.000000 0.150000 21.250004
48 135 26.700001 0.190000 22.925003
49 133 13.300000 0.100000 21.250004
50 132 25.000000 0.180000 21.250004
51 134 20.000000 0.140000 21.250004
52 136 20.000000 0.140000 19.575005
53 138 20.000000 0.140000 21.250004
54 137 20.000000 0.140000 20.000004
55 136 26.700001 0.190000 21.675003
56 137 13.300000 0.090000 20.000004
57 137 26.700001 0.190000 21.675003
58 137 33.299999 0.240000 25.000004
59 137 13.300000 0.090000 21.650005
60 136 20.000000 0.140000 23.325005
61 139 13.300000 0.090000 19.975006
62 138 13.300000 0.090000 14.975007
63 140 20.000000 0.140000 16.650005
64 140 13.300000 0.090000 14.975006
65 138 20.000000 0.140000 16.650005
66 138 20.000000 0.140000 18.325005
67 136 20.000000 0.140000 18.325005
68 136 13.300000 0.090000 18.325005
69 137 26.700001 0.190000 20.000004
70 137 20.000000 0.140000 20.000004
71 137 13.300000 0.090000 18.325005
72 136 26.700001 0.190000 21.675003
73 136 13.300000 0.090000 18.325005
74 136 20.000000 0.140000 18.325005
75 135 26.700001 0.190000 21.675003
76 135 20.000000 0.140000 20.000004
77 136 26.700001 0.190000 23.350002
78 134 20.000000 0.140000 23.350002
79 135 26.700001 0.190000 23.350002
80 135 18.799999 0.130000 23.050003
81 136 26.700001 0.190000 23.050003
82 136 20.000000 0.140000 23.050003
83 136 13.300000 0.090000 19.700005
84 137 13.300000 0.090000 18.325005
85 138 6.700000 0.040000 13.325004
86 139 13.300000 0.090000 11.650003
87 140 20.000000 0.140000 13.325004
88 139 13.300000 0.090000 13.325004
89 140 26.700001 0.190000 18.325005
90 139 20.000000 0.140000 20.000004
91 140 20.000000 0.140000 20.000004
92 141 26.700001 0.180000 23.350002
93 143 13.300000 0.090000 20.000004
94 142 13.300000 0.090000 18.325005
95 143 26.700001 0.180000 20.000004
96 143 20.000000 0.130000 18.325005
97 143 20.000000 0.130000 20.000004
98 143 40.000000 0.270000 26.675003
99 144 20.000000 0.130000 25.000004
100 145 20.000000 0.130000 25.000004
101 142 20.000000 0.140000 25.000004
102 143 26.700001 0.180000 21.675003
103 143 20.000000 0.130000 21.675003
104 143 26.700001 0.180000 23.350002
105 144 20.000000 0.130000 23.350002
106 142 20.000000 0.140000 21.675003
107 141 13.300000 0.090000 20.000004
108 141 12.500000 0.080000 16.450005
109 141 20.000000 0.140000 16.450005
110 140 6.700000 0.040000 13.125004
111 140 13.300000 0.090000 13.125005
112 141 20.000000 0.140000 15.000004
113 142 20.000000 0.140000 15.000004
114 141 13.300000 0.090000 16.650005
115 140 13.300000 0.090000 16.650005
116 140 20.000000 0.140000 16.650005
117 139 13.300000 0.090000 14.975006
118 138 20.000000 0.140000 16.650005
119 138 6.700000 0.040000 15.000005
120 138 13.300000 0.090000 13.325005
121 138 26.700001 0.190000 16.675003
122 138 20.000000 0.140000 16.675003
123 139 13.300000 0.090000 18.325005
124 140 13.300000 0.090000 18.325005
125 139 18.799999 0.130000 16.350006
126 138 13.300000 0.090000 14.675007
127 138 13.300000 0.090000 14.675008
128 139 25.000000 0.170000 17.600006
129 138 20.000000 0.140000 17.900005
130 136 13.300000 0.090000 17.900005
131 137 13.300000 0.090000 17.900005
132 136 18.799999 0.130000 16.350006
133 134 20.000000 0.140000 16.350006
134 137 6.700000 0.040000 14.700006
135 137 6.700000 0.040000 13.050006
136 137 18.799999 0.130000 13.050006
137 135 13.300000 0.090000 11.375006
138 135 33.299999 0.240000 18.025005
139 136 20.000000 0.140000 21.350006
140 135 13.300000 0.090000 19.975006
141 135 13.300000 0.090000 19.975006
142 135 18.799999 0.130000 16.350006
143 137 13.300000 0.090000 14.675007
144 134 26.700001 0.190000 18.025005
145 134 18.799999 0.140000 19.400005
146 133 13.300000 0.100000 18.025005
147 133 20.000000 0.150000 19.700005
148 134 13.300000 0.090000 16.350006
149 135 26.700001 0.190000 18.325005
150 134 20.000000 0.140000 20.000004
151 134 20.000000 0.140000 20.000004
152 134 20.000000 0.140000 21.675003
153 133 13.300000 0.100000 18.325005
154 133 13.300000 0.100000 16.650005
155 134 13.300000 0.090000 14.975006
156 135 6.700000 0.040000 11.650005
157 137 6.700000 0.040000 10.000006
158 136 13.300000 0.090000 10.000006
159 136 20.000000 0.140000 11.675006
160 138 13.300000 0.090000 13.325006
161 139 26.700001 0.190000 18.325006
162 137 26.700001 0.190000 21.675007
163 135 13.300000 0.090000 20.000008
164 136 13.300000 0.090000 20.000008
165 137 13.300000 0.090000 16.650009
166 137 20.000000 0.140000 14.975009
167 136 20.000000 0.140000 16.650009
168 135 18.799999 0.130000 18.025009
169 137 13.300000 0.090000 18.025009
170 138 13.300000 0.090000 16.350010
171 140 13.300000 0.090000 14.675011
172 139 13.300000 0.090000 13.300012
173 138 13.300000 0.090000 13.300012
174 138 20.000000 0.140000 14.975011
175 138 26.700001 0.190000 18.325010
176 138 20.000000 0.140000 20.000010
177 137 13.300000 0.090000 20.000010
178 138 20.000000 0.140000 20.000010
179 140 20.000000 0.140000 18.325008
180 140 33.299999 0.230000 21.650009
181 140 13.300000 0.090000 21.650009
182 140 13.300000 0.090000 19.975010
183 141 20.000000 0.140000 19.975010
184 140 26.700001 0.190000 18.325008
185 139 26.700001 0.190000 21.675007
186 139 13.300000 0.090000 21.675007
187 141 20.000000 0.140000 21.675007
188 141 13.300000 0.090000 18.325008
189 141 20.000000 0.140000 16.650009
190 141 20.000000 0.140000 18.325008
191 143 13.300000 0.090000 16.650009
192 143 13.300000 0.090000 16.650009
193 142 13.300000 0.090000 14.975010
194 141 13.300000 0.090000 13.300011
195 142 20.000000 0.140000 14.975011
196 144 26.700001 0.180000 18.325010
197 144 6.700000 0.040000 16.675009
198 146 25.000000 0.170000 19.600008
199 143 20.000000 0.130000 19.600008
200 144 20.000000 0.130000 17.925007
201 144 20.000000 0.130000 21.250008
202 145 13.300000 0.090000 18.325008
203 145 13.300000 0.090000 16.650009
204 145 20.000000 0.130000 16.650009
205 145 13.300000 0.090000 14.975010
206 145 13.300000 0.090000 14.975011
207 145 25.000000 0.170000 17.900009
208 145 13.300000 0.090000 16.225010
209 144 6.700000 0.040000 14.575009
210 144 13.300000 0.090000 14.575009
211 144 13.300000 0.090000 11.650009
212 143 13.300000 0.090000 11.650009
213 141 25.000000 0.170000 16.225010
214 143 12.500000 0.080000 16.025009
215 143 20.000000 0.130000 17.700008
216 142 13.300000 0.090000 17.700008
217 142 20.000000 0.140000 16.450008
218 140 25.000000 0.170000 19.575008
219 142 31.200001 0.210000 22.375008
220 141 13.300000 0.090000 22.375008
221 141 20.000000 0.140000 22.375008
222 142 6.700000 0.040000 17.800007
223 141 20.000000 0.140000 15.000007
224 138 13.300000 0.090000 15.000007
225 139 20.000000 0.140000 15.000008
226 141 13.300000 0.090000 16.650009
227 142 18.799999 0.130000 16.350010
228 144 20.000000 0.130000 18.025009
229 143 20.000000 0.130000 18.025009
230 142 20.000000 0.140000 19.700008
231 145 6.700000 0.040000 16.675007
232 143 20.000000 0.130000 16.675007
233 144 13.300000 0.090000 15.000008
234 142 13.300000 0.090000 13.325008
235 143 13.300000 0.090000 14.975009
236 145 20.000000 0.130000 14.975010
237 146 18.799999 0.120000 16.350010
238 145 13.300000 0.090000 16.350010
239 146 20.000000 0.130000 18.025009
240 147 20.000000 0.130000 18.025009
241 146 13.300000 0.090000 16.650009
242 146 26.700001 0.180000 20.000008
243 146 6.700000 0.040000 16.675007
244 144 20.000000 0.130000 16.675007
245 145 13.300000 0.090000 16.675007
246 146 13.300000 0.090000 13.325007
247 144 20.000000 0.130000 16.650009
248 142 20.000000 0.140000 16.650009
249 145 13.300000 0.090000 16.650009
250 143 20.000000 0.130000 18.325008
251 142 13.300000 0.090000 16.650009
252 142 20.000000 0.140000 16.650009
253 143 20.000000 0.130000 18.325008
254 143 26.700001 0.180000 20.000008
255 144 13.300000 0.090000 20.000008
256 144 25.000000 0.170000 21.250008
257 143 13.300000 0.090000 19.575008
258 143 20.000000 0.130000 17.900009
259 143 20.000000 0.130000 19.575008
260 145 20.000000 0.130000 18.325008
261 144 20.000000 0.130000 20.000008
262 145 13.300000 0.090000 18.325008
263 147 20.000000 0.130000 18.325008
264 147 13.300000 0.090000 16.650009
265 146 33.299999 0.220000 19.975010
266 145 13.300000 0.090000 19.975010
267 145 20.000000 0.130000 19.975010
268 146 20.000000 0.130000 21.650009
269 146 26.700001 0.180000 20.000008
270 145 25.000000 0.170000 22.925007
271 145 20.000000 0.130000 22.925007
272 145 33.299999 0.220000 26.250008
273 144 20.000000 0.130000 24.575008
274 144 20.000000 0.130000 23.325008
275 145 20.000000 0.130000 23.325008
276 146 40.000000 0.270000 25.000008
277 149 20.000000 0.130000 25.000008
278 148 20.000000 0.130000 25.000008
279 148 26.700001 0.180000 26.675007
280 147 20.000000 0.130000 21.675007
281 147 26.700001 0.180000 23.350006
282 146 20.000000 0.130000 23.350006
283 146 20.000000 0.130000 21.675007
284 143 13.300000 0.090000 20.000008
285 144 13.300000 0.090000 16.650009
286 142 20.000000 0.140000 16.650009
287 142 13.300000 0.090000 14.975010
288 144 26.700001 0.180000 18.325008
289 141 20.000000 0.140000 20.000008
290 141 6.700000 0.040000 16.675007
291 142 13.300000 0.090000 16.675007
292 143 20.000000 0.130000 15.000007
293 144 18.799999 0.130000 14.700006
294 143 20.000000 0.130000 18.025007
295 144 13.300000 0.090000 18.025007
296 146 33.299999 0.220000 21.350006
297 145 20.000000 0.130000 21.650005
298 146 13.300000 0.090000 19.975006
299 146 20.000000 0.130000 21.650005
300 146 13.300000 0.090000 16.650005
301 147 20.000000 0.130000 16.650005
302 147 20.000000 0.130000 18.325005
303 147 13.300000 0.090000 16.650005
304 146 13.300000 0.090000 16.650005
305 147 20.000000 0.130000 16.650005
306 147 13.300000 0.090000 14.975006
307 146 20.000000 0.130000 16.650005
308 146 13.300000 0.090000 16.650005
309 147 20.000000 0.130000 16.650005
310 146 6.700000 0.040000 15.000005
311 147 20.000000 0.130000 15.000004
312 147 20.000000 0.130000 16.675003
313 147 20.000000 0.130000 16.675003
314 148 13.300000 0.080000 18.325005
315 151 26.700001 0.170000 20.000004
316 151 20.000000 0.130000 20.000004
317 150 13.300000 0.080000 18.325005
318 149 13.300000 0.080000 18.325005
319 148 13.300000 0.080000 14.975005
320 147 26.700001 0.180000 16.650005
321 149 6.700000 0.040000 15.000005
322 147 26.700001 0.180000 18.350004
323 148 13.300000 0.080000 18.350004
324 149 13.300000 0.080000 15.000005
325 147 13.300000 0.090000 16.650005
326 145 20.000000 0.130000 14.975005
327 145 20.000000 0.130000 16.650005
328 145 20.000000 0.130000 18.325005
329 145 20.000000 0.130000 20.000004
330 147 20.000000 0.130000 20.000004
331 146 20.000000 0.130000 20.000004
332 145 13.300000 0.090000 18.325005
333 145 20.000000 0.130000 18.325005
334 144 20.000000 0.130000 18.325005
335 142 20.000000 0.140000 18.325005
336 144 20.000000 0.130000 20.000004
337 145 13.300000 0.090000 18.325005
338 145 20.000000 0.130000 18.325005
339 146 20.000000 0.130000 18.325005
340 147 12.500000 0.080000 16.450005
341 145 20.000000 0.130000 18.125004
342 147 13.300000 0.090000 16.450005
343 147 13.300000 0.090000 14.775005
344 148 20.000000 0.130000 16.650005
345 147 13.300000 0.090000 14.975006
346 146 13.300000 0.090000 14.975007
347 147 20.000000 0.130000 16.650005
348 147 20.000000 0.130000 16.650005
349 147 20.000000 0.130000 18.325005
350 149 20.000000 0.130000 20.000004
351 150 26.700001 0.170000 21.675003
352 148 26.700001 0.180000 23.350002
353 150 13.300000 0.080000 21.675003
354 149 20.000000 0.130000 21.675003
355 147 20.000000 0.130000 20.000004
356 147 13.300000 0.090000 16.650005
357 146 26.700001 0.180000 20.000004
358 148 20.000000 0.130000 20.000004
359 147 20.000000 0.130000 20.000004
